21
80
81
82
88
443
465
512
513
514
873
993
1000
1080
1091
1098
1099
1158
1200
1352
1521
2030
2082
2086
2181
3000
3310
4040
4444
4445
4848
5000
5001
5432
5555
5560
5601
6080
6379
6432
7000
7001
7002
7070
7777
8000
8001
8009
8010
8025
8030
8069
8080
8081
8082
8083
8084
8085
8086
8089
8090
8093
8181
8182
8351
8443
8480
8880
8888
9000
9080
9081
9090
9200
9300
9443
9527
9999
10000
10001
11211
12345
20000
27017
28017
32768
40001
50000
50030
50070
50075
50090
50095
